insert into madeiras (nome_madeira) values
    ('Mogno'),
    ('Itaúba'),
    ('Carvalho'),
    ('Cedro'),
    ('Pinus'),
    ('Cumaru'),
    ('Eucalipto'),
    ('Nogueira'),
    ('Jequitibá'),
    ('Ipê'),
    ('Jacarandá'),
    ('Jatobá'),
    ('Pinho'),
    ('MDF Branco'),
    ('MDP Texturizado');
insert into chapas (madeira_chapa, largura_chapa, altura_chapa, espessura_chapa, valor_chapa) values
    (1, 2750, 1850, 18, 8242),
    (1, 2200, 1600, 15, 4752),
    (1, 1830, 1220, 15, 3014),
    (2, 2750, 1850, 18, 5037),
    (2, 2200, 1600, 15, 2904),
    (2, 1830, 1220, 15, 1842),
    (3, 2750, 1850, 18, 5495),
    (3, 2200, 1600, 15, 3168),
    (3, 1830, 1220, 15, 2009),
    (4, 2750, 1850, 18, 9158),
    (4, 2200, 1600, 15, 5280),
    (4, 1830, 1220, 15, 3349),
    (5, 2750, 1850, 18, 2289),
    (5, 2200, 1600, 15, 1320),
    (5, 1830, 1220, 15, 837),
    (6, 2750, 1850, 18, 6410),
    (6, 2200, 1600, 15, 3696),
    (6, 1830, 1220, 15, 2344),
    (7, 2750, 1850, 18, 1831),
    (7, 2200, 1600, 15, 1056),
    (7, 1830, 1220, 15, 670),
    (8, 2750, 1850, 18, 4579),
    (8, 2200, 1600, 15, 2640),
    (8, 1830, 1220, 15, 1674),
    (9, 2750, 1850, 18, 5495),
    (9, 2200, 1600, 15, 3168),
    (9, 1830, 1220, 15, 2009),
    (10, 2750, 1850, 18, 6868),
    (10, 2200, 1600, 15, 3960),
    (10, 1830, 1220, 15, 2512),
    (11, 2750, 1850, 18, 4121),
    (11, 2200, 1600, 15, 2376),
    (11, 1830, 1220, 15, 1507),
    (12, 2750, 1850, 18, 5495),
    (12, 2200, 1600, 15, 3168),
    (12, 1830, 1220, 15, 2009),
    (13, 2750, 1850, 18, 3205),
    (13, 2200, 1600, 15, 1848),
    (13, 1830, 1220, 15, 1172),
    (14, 2750, 1850, 18, 1648),
    (14, 2200, 1600, 15, 950),
    (14, 1830, 1220, 15, 603),
    (15, 2750, 1850, 18, 1831),
    (15, 2200, 1600, 15, 1056),
    (15, 1830, 1220, 15, 670);
